{
    "K": [
        [
            1108.512451171875,
            0.0,
            640.0
        ],
        [
            0.0,
            1330.2149658203125,
            512.0
        ],
        [
            0.0,
            0.0,
            1.0
        ]
    ],
    "pixel_aspect_ratio": 1.0,
    "frames": [
        {
            "file_path": "C:\\Users\\Mayn\\Desktop\\underwater_simulation\\kinghead_bg\\cam000.png",
            "rotation": 0.0,
            "transform_matrix": [
                [
                    0.8660253882408142,
                    0.0,
                    -0.5,
                    -10.0
                ],
                [
                    0.0,
                    1.0,
                    0.0,
                    5.800000190734863
                ],
                [
                    0.5,
                    0.0,
                    0.8660253882408142,
                    17.32050895690918
                ],
                [
                    0.0,
                    0.0,
                    0.0,
                    1.0
                ]
            ]
        },
        {
            "file_path": "C:\\Users\\Mayn\\Desktop\\underwater_simulation\\kinghead_bg\\cam001.png",
            "rotation": 0.0,
            "transform_matrix": [
                [
                    0.8870108127593994,
                    0.0,
                    -0.4617486000061035,
                    -9.23497200012207
                ],
                [
                    0.0,
                    1.0,
                    0.0,
                    5.800000190734863
                ],
                [
                    0.4617486000061035,
                    0.0,
                    0.8870108127593994,
                    17.740217208862305
                ],
                [
                    0.0,
                    0.0,
                    0.0,
                    1.0
                ]
            ]
        },
        {
            "file_path": "C:\\Users\\Mayn\\Desktop\\underwater_simulation\\kinghead_bg\\cam002.png",
            "rotation": 0.0,
            "transform_matrix": [
                [
                    0.9063077569007874,
                    0.0,
                    -0.4226182699203491,
                    -8.452364921569824
                ],
                [
                    0.0,
                    1.0,
                    0.0,
                    5.800000190734863
                ],
                [
                    0.4226182699203491,
                    0.0,
                    0.9063077569007874,
                    18.126155853271484
                ],
                [
                    0.0,
                    0.0,
                    0.0,
                    1.0
                ]
            ]
        },
        {
            "file_path": "C:\\Users\\Mayn\\Desktop\\underwater_simulation\\kinghead_bg\\cam003.png",
            "rotation": 0.0,
            "transform_matrix": [
                [
                    0.9238795042037964,
                    0.0,
                    -0.3826834559440613,
                    -7.6536688804626465
                ],
                [
                    0.0,
                    1.0,
                    0.0,
                    5.800000190734863
                ],
                [
                    0.3826834559440613,
                    0.0,
                    0.9238795042037964,
                    18.477590560913086
                ],
                [
                    0.0,
                    0.0,
                    0.0,
                    1.0
                ]
            ]
        },
        {
            "file_path": "C:\\Users\\Mayn\\Desktop\\underwater_simulation\\kinghead_bg\\cam004.png",
            "rotation": 0.0,
            "transform_matrix": [
                [
                    0.9396926164627075,
                    0.0,
                    -0.3420201241970062,
                    -6.840403079986572
                ],
                [
                    0.0,
                    1.0,
                    0.0,
                    5.800000190734863
                ],
                [
                    0.3420201241970062,
                    0.0,
                    0.9396926164627075,
                    18.793851852416992
                ],
                [
                    0.0,
                    0.0,
                    0.0,
                    1.0
                ]
            ]
        },
        {
            "file_path": "C:\\Users\\Mayn\\Desktop\\underwater_simulation\\kinghead_bg\\cam005.png",
            "rotation": 0.0,
            "transform_matrix": [
                [
                    0.9537169337272644,
                    0.0,
                    -0.30070579051971436,
                    -6.014115810394287
                ],
                [
                    0.0,
                    1.0,
                    0.0,
                    5.800000190734863
                ],
                [
                    0.30070579051971436,
                    0.0,
                    0.9537169337272644,
                    19.074338912963867
                ],
                [
                    0.0,
                    0.0,
                    0.0,
                    1.0
                ]
            ]
        },
        {
            "file_path": "C:\\Users\\Mayn\\Desktop\\underwater_simulation\\kinghead_bg\\cam006.png",
            "rotation": 0.0,
            "transform_matrix": [
                [
                    0.9659258127212524,
                    0.0,
                    -0.258819043636322,
                    -5.1763811111450195
                ],
                [
                    0.0,
                    1.0,
                    0.0,
                    5.800000190734863
                ],
                [
                    0.258819043636322,
                    0.0,
                    0.9659258127212524,
                    19.31851577758789
                ],
                [
                    0.0,
                    0.0,
                    0.0,
                    1.0
                ]
            ]
        },
        {
            "file_path": "C:\\Users\\Mayn\\Desktop\\underwater_simulation\\kinghead_bg\\cam007.png",
            "rotation": 0.0,
            "transform_matrix": [
                [
                    0.9762960076332092,
                    0.0,
                    -0.2164396196603775,
                    -4.328792095184326
                ],
                [
                    0.0,
                    1.0,
                    0.0,
                    5.800000190734863
                ],
                [
                    0.2164396196603775,
                    0.0,
                    0.9762960076332092,
                    19.525920867919922
                ],
                [
                    0.0,
                    0.0,
                    0.0,
                    1.0
                ]
            ]
        },
        {
            "file_path": "C:\\Users\\Mayn\\Desktop\\underwater_simulation\\kinghead_bg\\cam008.png",
            "rotation": 0.0,
            "transform_matrix": [
                [
                    0.9848077297210693,
                    0.0,
                    -0.1736481785774231,
                    -3.472963571548462
                ],
                [
                    0.0,
                    1.0,
                    0.0,
                    5.800000190734863
                ],
                [
                    0.1736481785774231,
                    0.0,
                    0.9848077297210693,
                    19.696155548095703
                ],
                [
                    0.0,
                    0.0,
                    0.0,
                    1.0
                ]
            ]
        },
        {
            "file_path": "C:\\Users\\Mayn\\Desktop\\underwater_simulation\\kinghead_bg\\cam009.png",
            "rotation": 0.0,
            "transform_matrix": [
                [
                    0.9914448857307434,
                    0.0,
                    -0.13052619993686676,
                    -2.6105239391326904
                ],
                [
                    0.0,
                    1.0,
                    0.0,
                    5.800000190734863
                ],
                [
                    0.13052619993686676,
                    0.0,
                    0.9914448857307434,
                    19.82889747619629
                ],
                [
                    0.0,
                    0.0,
                    0.0,
                    1.0
                ]
            ]
        },
        {
            "file_path": "C:\\Users\\Mayn\\Desktop\\underwater_simulation\\kinghead_bg\\cam010.png",
            "rotation": 0.0,
            "transform_matrix": [
                [
                    0.9961947202682495,
                    0.0,
                    -0.08715573698282242,
                    -1.7431148290634155
                ],
                [
                    0.0,
                    1.0,
                    0.0,
                    5.800000190734863
                ],
                [
                    0.08715573698282242,
                    0.0,
                    0.9961947202682495,
                    19.92389488220215
                ],
                [
                    0.0,
                    0.0,
                    0.0,
                    1.0
                ]
            ]
        },
        {
            "file_path": "C:\\Users\\Mayn\\Desktop\\underwater_simulation\\kinghead_bg\\cam011.png",
            "rotation": 0.0,
            "transform_matrix": [
                [
                    0.9990482330322266,
                    0.0,
                    -0.04361938685178757,
                    -0.8723877668380737
                ],
                [
                    0.0,
                    1.0,
                    0.0,
                    5.800000190734863
                ],
                [
                    0.04361938685178757,
                    0.0,
                    0.9990482330322266,
                    19.98096466064453
                ],
                [
                    0.0,
                    0.0,
                    0.0,
                    1.0
                ]
            ]
        },
        {
            "file_path": "C:\\Users\\Mayn\\Desktop\\underwater_simulation\\kinghead_bg\\cam012.png",
            "rotation": 0.0,
            "transform_matrix": [
                [
                    1.0,
                    0.0,
                    0.0,
                    0.0
                ],
                [
                    0.0,
                    1.0,
                    0.0,
                    5.800000190734863
                ],
                [
                    0.0,
                    0.0,
                    1.0,
                    20.0
                ],
                [
                    0.0,
                    0.0,
                    0.0,
                    1.0
                ]
            ]
        },
        {
            "file_path": "C:\\Users\\Mayn\\Desktop\\underwater_simulation\\kinghead_bg\\cam013.png",
            "rotation": 0.0,
            "transform_matrix": [
                [
                    0.9990482330322266,
                    0.0,
                    0.04361938685178757,
                    0.8723877668380737
                ],
                [
                    0.0,
                    1.0,
                    0.0,
                    5.800000190734863
                ],
                [
                    -0.04361938685178757,
                    0.0,
                    0.9990482330322266,
                    19.98096466064453
                ],
                [
                    0.0,
                    0.0,
                    0.0,
                    1.0
                ]
            ]
        },
        {
            "file_path": "C:\\Users\\Mayn\\Desktop\\underwater_simulation\\kinghead_bg\\cam014.png",
            "rotation": 0.0,
            "transform_matrix": [
                [
                    0.9961947202682495,
                    0.0,
                    0.08715573698282242,
                    1.7431148290634155
                ],
                [
                    0.0,
                    1.0,
                    0.0,
                    5.800000190734863
                ],
                [
                    -0.08715573698282242,
                    0.0,
                    0.9961947202682495,
                    19.92389488220215
                ],
                [
                    0.0,
                    0.0,
                    0.0,
                    1.0
                ]
            ]
        },
        {
            "file_path": "C:\\Users\\Mayn\\Desktop\\underwater_simulation\\kinghead_bg\\cam015.png",
            "rotation": 0.0,
            "transform_matrix": [
                [
                    0.9914448857307434,
                    0.0,
                    0.13052619993686676,
                    2.6105239391326904
                ],
                [
                    0.0,
                    1.0,
                    0.0,
                    5.800000190734863
                ],
                [
                    -0.13052619993686676,
                    0.0,
                    0.9914448857307434,
                    19.82889747619629
                ],
                [
                    0.0,
                    0.0,
                    0.0,
                    1.0
                ]
            ]
        },
        {
            "file_path": "C:\\Users\\Mayn\\Desktop\\underwater_simulation\\kinghead_bg\\cam016.png",
            "rotation": 0.0,
            "transform_matrix": [
                [
                    0.9848077297210693,
                    0.0,
                    0.1736481785774231,
                    3.472963571548462
                ],
                [
                    0.0,
                    1.0,
                    0.0,
                    5.800000190734863
                ],
                [
                    -0.1736481785774231,
                    0.0,
                    0.9848077297210693,
                    19.696155548095703
                ],
                [
                    0.0,
                    0.0,
                    0.0,
                    1.0
                ]
            ]
        },
        {
            "file_path": "C:\\Users\\Mayn\\Desktop\\underwater_simulation\\kinghead_bg\\cam017.png",
            "rotation": 0.0,
            "transform_matrix": [
                [
                    0.9762960076332092,
                    0.0,
                    0.2164396196603775,
                    4.328792095184326
                ],
                [
                    0.0,
                    1.0,
                    0.0,
                    5.800000190734863
                ],
                [
                    -0.2164396196603775,
                    0.0,
                    0.9762960076332092,
                    19.525920867919922
                ],
                [
                    0.0,
                    0.0,
                    0.0,
                    1.0
                ]
            ]
        },
        {
            "file_path": "C:\\Users\\Mayn\\Desktop\\underwater_simulation\\kinghead_bg\\cam018.png",
            "rotation": 0.0,
            "transform_matrix": [
                [
                    0.9659258127212524,
                    0.0,
                    0.258819043636322,
                    5.1763811111450195
                ],
                [
                    0.0,
                    1.0,
                    0.0,
                    5.800000190734863
                ],
                [
                    -0.258819043636322,
                    0.0,
                    0.9659258127212524,
                    19.31851577758789
                ],
                [
                    0.0,
                    0.0,
                    0.0,
                    1.0
                ]
            ]
        },
        {
            "file_path": "C:\\Users\\Mayn\\Desktop\\underwater_simulation\\kinghead_bg\\cam019.png",
            "rotation": 0.0,
            "transform_matrix": [
                [
                    0.9537169337272644,
                    0.0,
                    0.30070579051971436,
                    6.014115810394287
                ],
                [
                    0.0,
                    1.0,
                    0.0,
                    5.800000190734863
                ],
                [
                    -0.30070579051971436,
                    0.0,
                    0.9537169337272644,
                    19.074338912963867
                ],
                [
                    0.0,
                    0.0,
                    0.0,
                    1.0
                ]
            ]
        },
        {
            "file_path": "C:\\Users\\Mayn\\Desktop\\underwater_simulation\\kinghead_bg\\cam020.png",
            "rotation": 0.0,
            "transform_matrix": [
                [
                    0.9396926164627075,
                    0.0,
                    0.3420201241970062,
                    6.840403079986572
                ],
                [
                    0.0,
                    1.0,
                    0.0,
                    5.800000190734863
                ],
                [
                    -0.3420201241970062,
                    0.0,
                    0.9396926164627075,
                    18.793851852416992
                ],
                [
                    0.0,
                    0.0,
                    0.0,
                    1.0
                ]
            ]
        },
        {
            "file_path": "C:\\Users\\Mayn\\Desktop\\underwater_simulation\\kinghead_bg\\cam021.png",
            "rotation": 0.0,
            "transform_matrix": [
                [
                    0.9238795042037964,
                    0.0,
                    0.3826834559440613,
                    7.6536688804626465
                ],
                [
                    0.0,
                    1.0,
                    0.0,
                    5.800000190734863
                ],
                [
                    -0.3826834559440613,
                    0.0,
                    0.9238795042037964,
                    18.477590560913086
                ],
                [
                    0.0,
                    0.0,
                    0.0,
                    1.0
                ]
            ]
        },
        {
            "file_path": "C:\\Users\\Mayn\\Desktop\\underwater_simulation\\kinghead_bg\\cam022.png",
            "rotation": 0.0,
            "transform_matrix": [
                [
                    0.9063077569007874,
                    0.0,
                    0.4226182699203491,
                    8.452364921569824
                ],
                [
                    0.0,
                    1.0,
                    0.0,
                    5.800000190734863
                ],
                [
                    -0.4226182699203491,
                    0.0,
                    0.9063077569007874,
                    18.126155853271484
                ],
                [
                    0.0,
                    0.0,
                    0.0,
                    1.0
                ]
            ]
        },
        {
            "file_path": "C:\\Users\\Mayn\\Desktop\\underwater_simulation\\kinghead_bg\\cam023.png",
            "rotation": 0.0,
            "transform_matrix": [
                [
                    0.8870108127593994,
                    0.0,
                    0.4617486000061035,
                    9.23497200012207
                ],
                [
                    0.0,
                    1.0,
                    0.0,
                    5.800000190734863
                ],
                [
                    -0.4617486000061035,
                    0.0,
                    0.8870108127593994,
                    17.740217208862305
                ],
                [
                    0.0,
                    0.0,
                    0.0,
                    1.0
                ]
            ]
        },
        {
            "file_path": "C:\\Users\\Mayn\\Desktop\\underwater_simulation\\kinghead_bg\\cam024.png",
            "rotation": 0.0,
            "transform_matrix": [
                [
                    0.8660253882408142,
                    0.0,
                    0.5,
                    10.0
                ],
                [
                    0.0,
                    1.0,
                    0.0,
                    5.800000190734863
                ],
                [
                    -0.5,
                    0.0,
                    0.8660253882408142,
                    17.32050895690918
                ],
                [
                    0.0,
                    0.0,
                    0.0,
                    1.0
                ]
            ]
        },
        {
            "file_path": "C:\\Users\\Mayn\\Desktop\\underwater_simulation\\kinghead_bg\\cam025.png",
            "rotation": 0.0,
            "transform_matrix": [
                [
                    0.8433914184570312,
                    0.0,
                    0.537299633026123,
                    10.745991706848145
                ],
                [
                    0.0,
                    1.0,
                    0.0,
                    5.800000190734863
                ],
                [
                    -0.537299633026123,
                    0.0,
                    0.8433914184570312,
                    16.867828369140625
                ],
                [
                    0.0,
                    0.0,
                    0.0,
                    1.0
                ]
            ]
        },
        {
            "file_path": "C:\\Users\\Mayn\\Desktop\\underwater_simulation\\kinghead_bg\\cam026.png",
            "rotation": 0.0,
            "transform_matrix": [
                [
                    0.8191520571708679,
                    0.0,
                    0.5735764503479004,
                    11.471529006958008
                ],
                [
                    0.0,
                    1.0,
                    0.0,
                    5.800000190734863
                ],
                [
                    -0.5735764503479004,
                    0.0,
                    0.8191520571708679,
                    16.383041381835938
                ],
                [
                    0.0,
                    0.0,
                    0.0,
                    1.0
                ]
            ]
        },
        {
            "file_path": "C:\\Users\\Mayn\\Desktop\\underwater_simulation\\kinghead_bg\\cam027.png",
            "rotation": 0.0,
            "transform_matrix": [
                [
                    0.7933533191680908,
                    0.0,
                    0.6087614297866821,
                    12.175228118896484
                ],
                [
                    0.0,
                    1.0,
                    0.0,
                    5.800000190734863
                ],
                [
                    -0.6087614297866821,
                    0.0,
                    0.7933533191680908,
                    15.867066383361816
                ],
                [
                    0.0,
                    0.0,
                    0.0,
                    1.0
                ]
            ]
        },
        {
            "file_path": "C:\\Users\\Mayn\\Desktop\\underwater_simulation\\kinghead_bg\\cam028.png",
            "rotation": 0.0,
            "transform_matrix": [
                [
                    0.7660444378852844,
                    0.0,
                    0.6427875757217407,
                    12.855751991271973
                ],
                [
                    0.0,
                    1.0,
                    0.0,
                    5.800000190734863
                ],
                [
                    -0.6427875757217407,
                    0.0,
                    0.7660444378852844,
                    15.32088851928711
                ],
                [
                    0.0,
                    0.0,
                    0.0,
                    1.0
                ]
            ]
        },
        {
            "file_path": "C:\\Users\\Mayn\\Desktop\\underwater_simulation\\kinghead_bg\\cam029.png",
            "rotation": 0.0,
            "transform_matrix": [
                [
                    0.7372773289680481,
                    0.0,
                    0.6755901575088501,
                    13.511804580688477
                ],
                [
                    0.0,
                    1.0,
                    0.0,
                    5.800000190734863
                ],
                [
                    -0.6755901575088501,
                    0.0,
                    0.7372773289680481,
                    14.745546340942383
                ],
                [
                    0.0,
                    0.0,
                    0.0,
                    1.0
                ]
            ]
        },
        {
            "file_path": "C:\\Users\\Mayn\\Desktop\\underwater_simulation\\kinghead_bg\\cam030.png",
            "rotation": 0.0,
            "transform_matrix": [
                [
                    0.7071067690849304,
                    0.0,
                    0.7071067690849304,
                    14.142135620117188
                ],
                [
                    0.0,
                    1.0,
                    0.0,
                    5.800000190734863
                ],
                [
                    -0.7071067690849304,
                    0.0,
                    0.7071067690849304,
                    14.142135620117188
                ],
                [
                    0.0,
                    0.0,
                    0.0,
                    1.0
                ]
            ]
        },
        {
            "file_path": "C:\\Users\\Mayn\\Desktop\\underwater_simulation\\kinghead_bg\\cam031.png",
            "rotation": 0.0,
            "transform_matrix": [
                [
                    0.6755902171134949,
                    0.0,
                    0.7372773289680481,
                    14.745546340942383
                ],
                [
                    0.0,
                    1.0,
                    0.0,
                    5.800000190734863
                ],
                [
                    -0.7372773289680481,
                    0.0,
                    0.6755902171134949,
                    13.511804580688477
                ],
                [
                    0.0,
                    0.0,
                    0.0,
                    1.0
                ]
            ]
        },
        {
            "file_path": "C:\\Users\\Mayn\\Desktop\\underwater_simulation\\kinghead_bg\\cam032.png",
            "rotation": 0.0,
            "transform_matrix": [
                [
                    0.6427876353263855,
                    0.0,
                    0.7660444378852844,
                    15.32088851928711
                ],
                [
                    0.0,
                    1.0,
                    0.0,
                    5.800000190734863
                ],
                [
                    -0.7660444378852844,
                    0.0,
                    0.6427876353263855,
                    12.855751991271973
                ],
                [
                    0.0,
                    0.0,
                    0.0,
                    1.0
                ]
            ]
        },
        {
            "file_path": "C:\\Users\\Mayn\\Desktop\\underwater_simulation\\kinghead_bg\\cam033.png",
            "rotation": 0.0,
            "transform_matrix": [
                [
                    0.6087614297866821,
                    0.0,
                    0.7933533191680908,
                    15.867066383361816
                ],
                [
                    0.0,
                    1.0,
                    0.0,
                    5.800000190734863
                ],
                [
                    -0.7933533191680908,
                    0.0,
                    0.6087614297866821,
                    12.175228118896484
                ],
                [
                    0.0,
                    0.0,
                    0.0,
                    1.0
                ]
            ]
        },
        {
            "file_path": "C:\\Users\\Mayn\\Desktop\\underwater_simulation\\kinghead_bg\\cam034.png",
            "rotation": 0.0,
            "transform_matrix": [
                [
                    0.5735764503479004,
                    0.0,
                    0.8191520571708679,
                    16.383041381835938
                ],
                [
                    0.0,
                    1.0,
                    0.0,
                    5.800000190734863
                ],
                [
                    -0.8191520571708679,
                    0.0,
                    0.5735764503479004,
                    11.471529006958008
                ],
                [
                    0.0,
                    0.0,
                    0.0,
                    1.0
                ]
            ]
        },
        {
            "file_path": "C:\\Users\\Mayn\\Desktop\\underwater_simulation\\kinghead_bg\\cam035.png",
            "rotation": 0.0,
            "transform_matrix": [
                [
                    0.5372995734214783,
                    0.0,
                    0.843391478061676,
                    16.867828369140625
                ],
                [
                    0.0,
                    1.0,
                    0.0,
                    5.800000190734863
                ],
                [
                    -0.843391478061676,
                    0.0,
                    0.5372995734214783,
                    10.745991706848145
                ],
                [
                    0.0,
                    0.0,
                    0.0,
                    1.0
                ]
            ]
        }
    ]
}